1780326768897 0.28200817108154297 0
1780326768909 0.1380481868982315 1
1780326768920 0.10655426979064941 2
1780326768930 0.08897048234939575 3
1780326768939 0.07421673834323883 4
1780326768950 0.06854506582021713 5
1780326768960 0.06245192512869835 6
1780326768969 0.055568840354681015 7
1780326768980 0.0515555813908577 8
1780326768989 0.048781633377075195 9
1780326768999 0.04675571992993355 10
1780326769009 0.04280443862080574 11
1780326769019 0.0397234708070755 12
1780326769030 0.04028050974011421 13
1780326769039 0.037973254919052124 14
1780326769049 0.03596610948443413 15
1780326769058 0.03284717723727226 16
1780326769067 0.03462937846779823 17
1780326769076 0.03315414860844612 18
1780326769086 0.03192862495779991 19
1780326769110 0.031599514186382294 20
1780326769119 0.032209720462560654 21
1780326769127 0.028293505311012268 22
1780326769136 0.026929857209324837 23
1780326769145 0.029949931427836418 24
1780326769154 0.02517017349600792 25
1780326769163 0.027505673468112946 26
1780326769173 0.02498765103518963 27
1780326769182 0.024051900953054428 28
1780326769192 0.026518147438764572 29
1780326769203 0.025028163567185402 30
1780326769214 0.023494934663176537 31
1780326769224 0.023621559143066406 32
1780326769234 0.02337932400405407 33
1780326769243 0.022290658205747604 34
1780326769252 0.020163891837000847 35
1780326769261 0.023470308631658554 36
1780326769270 0.021725988015532494 37
1780326769279 0.022483838722109795 38
1780326769288 0.023206524550914764 39
1780326769298 0.019000127911567688 40
1780326769307 0.019854117184877396 41
1780326769316 0.02062162756919861 42
1780326769325 0.020449595525860786 43
1780326769333 0.02029760181903839 44
1780326769343 0.02162286825478077 45
1780326769351 0.02001691609621048 46
1780326769360 0.021643105894327164 47
1780326769370 0.01876373030245304 48
1780326769378 0.01987828128039837 49
1780326768897 0.28200817108154297 0
