1780326768900 0.9144833087921143 0
1780326768912 0.9578499794006348 1
1780326768923 0.9664000272750854 2
1780326768932 0.972000002861023 3
1780326768942 0.9765999913215637 4
1780326768953 0.9779833555221558 5
1780326768962 0.9797999858856201 6
1780326768971 0.9810333251953125 7
1780326768982 0.983299970626831 8
1780326768992 0.9843666553497314 9
1780326769001 0.9846000075340271 10
1780326769011 0.9854333400726318 11
1780326769022 0.9870166778564453 12
1780326769032 0.9869333505630493 13
1780326769041 0.9873666763305664 14
1780326769051 0.988099992275238 15
1780326769060 0.9891666769981384 16
1780326769069 0.9881500005722046 17
1780326769078 0.9889000058174133 18
1780326769102 0.9890166521072388 19
1780326769113 0.989383339881897 20
1780326769121 0.9894499778747559 21
1780326769129 0.9905166625976562 22
1780326769138 0.991266667842865 23
1780326769148 0.9904000163078308 24
1780326769156 0.9913833141326904 25
1780326769166 0.9907166957855225 26
1780326769175 0.9914666414260864 27
1780326769184 0.9916499853134155 28
1780326769195 0.9912999868392944 29
1780326769206 0.991516649723053 30
1780326769216 0.9924666881561279 31
1780326769226 0.9922999739646912 32
1780326769236 0.9924666881561279 33
1780326769245 0.9925000071525574 34
1780326769254 0.9928333163261414 35
1780326769263 0.9922500252723694 36
1780326769273 0.9928666949272156 37
1780326769281 0.9928666949272156 38
1780326769291 0.9927666783332825 39
1780326769300 0.9936833381652832 40
1780326769309 0.9936666488647461 41
1780326769318 0.9934499859809875 42
1780326769327 0.9932666420936584 43
1780326769336 0.993149995803833 44
1780326769345 0.9931666851043701 45
1780326769354 0.9935333132743835 46
1780326769363 0.993149995803833 47
1780326769372 0.9940500259399414 48
1780326769381 0.9936000108718872 49
1780326768900 0.9144833087921143 0
